202345
800506
050283
845640
070753
219856
954299
407327
506720
086232
554431
638898
809782
333016
119345
620463
225780
884636
327428
428818
608919
649482
671628
525644
095002
215946
277606
240578
679469
240084
987080
689847
265402
385980
367752
866682
520602
981196
110032
312872
788741
982855
874013
945230
105739
807701
126500
333050
925660
321820
113825
512576
509829
143876
164443
546867
843547
789557
896981
378350
600714
312842
285349
012743
472936
822754
361370
190342
038356
171070
305284
095426
881423
472313
254189
668882
755274
127283
056110
301867
106457
872439
143781
823157
660529
486685
009945
277630
515502
227238
045873
287355
525309
187494
170729
224375
936864
082211
855761
741049
084979
540043
200951
287191
827821
423437
428327
499001
839126
472866
291005
387478
021274
590118
824522
423024
435704
084161
475264
789656
408798
544646
880394
352092
729774
837068
089051
118520
995704
898871
513042
072807
197259
688939
669675
753556
982672
887175
450433
756905
024117
515771
118829
431462
069975
568693
965057
591126
653813
170483
418575
953021
896725
447685
387207
106848
839951
631742
512095
151666
558513
705205
830994
554142
722595
405482
583776
623617
330044
822791
645192
028893
548083
246517
001277
704174
841946
393329
113443
613343
368736
140249
113143
120254
430883
349273
873008
644302
543521
895426
505666
406631
345738
615095
398864
324231
790859
231028
242553
497912
058194
033681
231475
207811
096857
499911
444828
237752
601791
906952
089359
825408
554580
706310
727131
395844
607395
974473
809366
382334
040860
475020
041840
948590
842719
095283
834762
811542
582806
318645
435202
977221
329364
646217
316863
100045
319482
561712
706038
284034
702267
195746
671455
169883
608314
593700
160565
527262
213875
316238
963974
223659
521181
865986
928343
689839
623274
066492
167739
477251
571148
021520
946813
678658
939745
243623
944750
210993
126943
240264
890168
389318
798183
407305
231721
989555
905236
331964
360796
667725
749537
436976
097129
266838
176588
603373
248384
531578
960346
050247
706045
503914
153428
410796
732129
210776
001453
204971
245903
982255
126526
954314
754166
656411
598051
149827
038074
425464
460702
254510
399488
625213
682046
547903
355258
350633
105146
361082
799865
373648
286464
806179
661359
752066
332590
215223
278560
775243
701642
414060
032378
280468
978053
951541
990496
145307
702042
022758
833996
146954
009804
919618
224236
895933
964967
514592
633246
989901
606844
987930
788036
337632
787773
253770
246824
631393
469823
656204
928275
927594
229842
345188
786907
464004
434963
923951
690644
079657
421867
075893
271536
854083
203344
554303
498911
962556
096623
251443
111286
122215
463244
809246
608367
699898
966220
335178
071029
660891
573809
223629
189732
334979
314777
019986
161145
117882
794026
748489
928525
143684
008391
441497
239263
618329
926158
851824
833318
757312
534248
032821
051532
704297
065927
819941
478454
672827
385226
121692
142152
508457
227215
063006
822625
816459
304530
095161
325838
397292
808375
874033
909529
345174
537914
245325
129706
663712
874260
998773
175679
998258
898625
289351
781233
822035
290273
638808
036799
613412
108103
720819
373081
270383
690886
073941
719605
210782
633848
506090
473627
274325
263641
573390
540775
762959
566037
646004
079458
262941
885877
926216
267528
177944
235004
199753
367628
645566
270724
969384
342555
921419
035796
051108
368118
052647
703454
360621
552570
405334
718675
541070
127664
418243
632673
686164
391711
777883
237996
045151
585313
023924
273053
751283
171889
703625
027305
063078
213585
587666
224341
837867
118411
302986
818499
823608
728986
867390
445641
634284
072807
690925
644699
997461
663033
562536
707264
013577
334678
395890
763565
040044
950525
930251
640682
440024
284676
672959
811383
732836
638468
548832
307873
899298
327543
902848
530079
999213
673027
071050
723731
195551
326777
560996
880084
123214
960482
052369
365275
058240
464042
611338
018638
188291
815092
469789
238706
365941
913359
633629
258484
960635
217139
663329
265008
902601
628321
699803
963452
592198
902594
016635
631186
961153
403894
568385
581505
895279
817191
723677
953805
250320
610330
498251
170434
686283
102121
264512
253264
198169
428325
821865
027140
756412
853164
590535
914272
708998
551448
388314
810478
345773
425845
089368
891066
342829
836673
195624
978016
825816
558616
589492
733073
012508
991873
662879
722417
700589
170179
183569
522727
607755
125776
111412
621363
392886
121389
839508
991718
927801
094551
885390
455136
912807
195208
046389
613486
144074
717792
358681
089027
470199
424017
891333
694684
764689
242903
273690
794452
012742
593225
506070
016422
237947
688202
612416
356639
458746
375098
589223
495201
583397
903043
515462
554021
429662
366428
517581
877121
173632
708186
252566
412398
236809
876044
968939
712413
755515
734994
617566
525705
845654
208236
565111
606242
593906
422123
054540
648922
649477
884853
177216
965077
394336
182268
334998
497437
655766
191690
885056
104117
612838
738204
437162
956643
262020
333589
054854
977809
053145
832944
214201
672283
103262
583195
054263
394343
457876
706017
032156
401871
664944
285306
996939
778427
540861
185028
221814
284481
226311
894034
435360
328554
669603
128023
448706
633751
466280
784492
073551
098347
557530
842862
473960
878487
558617
918736
239926
445154
215213
852396
452125
933741
446612
682540
900706
280294
238777
053511
976026
867492
546123
838984
802853
777434
713312
510998
604987
059485
682027
952849
348870
506107
431906
773092
641275
273599
725421
684447
083299
267725
420422
003879
383522
957918
267647
745306
240685
573092
685400
682078
210421
186560
448541
864908
845984
896224
994762
787041
587021
312807
467948
830796
533169
525134
071840
616707
619826
785273
971114
063681
645397
316391
324454
335441
132085
654211
475391
400836
234364
913481
387066
998464
827049
206421
695822
242507
881263
261893
898250
625636
203577
670082
963969
221172
101158
244558
232264
373013
114532
965909
879926
782338
757799
078004
610206
374220
706387
055898
216809
987684
029844
875228
313471
841381
616869
068475
989948
789005
694898
876332
241847
359044
330808
646662
461394
799918
525276
648969
842473
684249
633131
105746
132870
771881
559853
977708
323606
052772
932419
301043
755060
193540
959593
988260
444387
488360
741922
951394
281855
509773
021213
455342
027506
985919
328899
035644
589124
641957
780824
254770
541691
918171
296728
201971
188103
498409
521374
690154
862872
346622
220823
022136
850766
929091
707357
056825
268321
766784
172890
187850
493326
180459
936189
053371
986121
202699
576596
565947
391367
427270
427847
311134
990812
637963
869667
053960
029297
457280
855942
286933
430488
327087
865085
072393
453242
388860
488934
895899
250672
849402
747127
252509
235938
934020
502262
276926
611807
114119
158360
238585
910623
023142
605997
555757
446083
439586
607603
640992
204998
937469
163985
379596
117566
183066
090177
605352
428907
824794
425924
739542
853414
821943
977025
794094
045342
069175
843700
193108
468927
399608
297629
573215
463946
128193
936728
313053
498997
200224
494816
673426
552732
097640
153221
753110
961611
293149
310912
981019
725199
309009
869742
686283
619187
408469
654712
336826
296043
276461
849746
248105
737827
530928
480241
685378
089071
647843
527622
291972
161124
259664
873081
424608